6.470000000000000000e+02 3.200000000000000000e+02
6.600000000000000000e+02 3.160000000000000000e+02
6.630000000000000000e+02 3.140000000000000000e+02
6.680000000000000000e+02 3.120000000000000000e+02
6.770000000000000000e+02 3.120000000000000000e+02
6.800000000000000000e+02 3.120000000000000000e+02
6.870000000000000000e+02 3.120000000000000000e+02
6.900000000000000000e+02 3.140000000000000000e+02
6.950000000000000000e+02 3.160000000000000000e+02
7.000000000000000000e+02 3.160000000000000000e+02
7.030000000000000000e+02 3.180000000000000000e+02
7.100000000000000000e+02 3.240000000000000000e+02
7.110000000000000000e+02 3.260000000000000000e+02
7.160000000000000000e+02 3.260000000000000000e+02
7.190000000000000000e+02 3.340000000000000000e+02
7.220000000000000000e+02 3.360000000000000000e+02
7.230000000000000000e+02 3.400000000000000000e+02
7.240000000000000000e+02 3.440000000000000000e+02
7.250000000000000000e+02 3.480000000000000000e+02
7.280000000000000000e+02 3.520000000000000000e+02
7.290000000000000000e+02 3.560000000000000000e+02
7.280000000000000000e+02 3.640000000000000000e+02
7.270000000000000000e+02 3.640000000000000000e+02
7.260000000000000000e+02 3.700000000000000000e+02
7.230000000000000000e+02 3.760000000000000000e+02
7.240000000000000000e+02 3.780000000000000000e+02
7.190000000000000000e+02 3.820000000000000000e+02
7.160000000000000000e+02 3.840000000000000000e+02
7.130000000000000000e+02 3.900000000000000000e+02
7.120000000000000000e+02 3.920000000000000000e+02
7.090000000000000000e+02 3.940000000000000000e+02
7.020000000000000000e+02 3.980000000000000000e+02
7.010000000000000000e+02 3.980000000000000000e+02
6.980000000000000000e+02 4.000000000000000000e+02
6.930000000000000000e+02 4.000000000000000000e+02
6.900000000000000000e+02 4.020000000000000000e+02
6.850000000000000000e+02 4.020000000000000000e+02
6.820000000000000000e+02 4.060000000000000000e+02
6.750000000000000000e+02 4.040000000000000000e+02
6.720000000000000000e+02 4.040000000000000000e+02
6.690000000000000000e+02 4.040000000000000000e+02
6.640000000000000000e+02 4.020000000000000000e+02
6.590000000000000000e+02 4.020000000000000000e+02
6.540000000000000000e+02 4.000000000000000000e+02
6.510000000000000000e+02 4.000000000000000000e+02
6.480000000000000000e+02 3.960000000000000000e+02
6.450000000000000000e+02 3.960000000000000000e+02
6.460000000000000000e+02 3.960000000000000000e+02
6.410000000000000000e+02 3.940000000000000000e+02
6.400000000000000000e+02 3.940000000000000000e+02
