2.450000000000000000e+02 1.215000000000000000e+02
2.595000000000000000e+02 1.195000000000000000e+02
2.710000000000000000e+02 1.175000000000000000e+02
2.755000000000000000e+02 1.165000000000000000e+02
2.810000000000000000e+02 1.155000000000000000e+02
2.875000000000000000e+02 1.155000000000000000e+02
2.930000000000000000e+02 1.145000000000000000e+02
2.985000000000000000e+02 1.125000000000000000e+02
3.050000000000000000e+02 1.125000000000000000e+02
3.085000000000000000e+02 1.115000000000000000e+02
3.200000000000000000e+02 1.105000000000000000e+02
3.325000000000000000e+02 1.075000000000000000e+02
3.380000000000000000e+02 1.075000000000000000e+02
3.395000000000000000e+02 1.065000000000000000e+02
3.490000000000000000e+02 1.045000000000000000e+02
3.535000000000000000e+02 1.045000000000000000e+02
3.570000000000000000e+02 1.035000000000000000e+02
3.645000000000000000e+02 1.015000000000000000e+02
3.710000000000000000e+02 1.015000000000000000e+02
3.735000000000000000e+02 9.950000000000000000e+01
3.860000000000000000e+02 9.850000000000000000e+01
3.895000000000000000e+02 9.650000000000000000e+01
3.980000000000000000e+02 9.450000000000000000e+01
4.025000000000000000e+02 9.450000000000000000e+01
4.050000000000000000e+02 9.250000000000000000e+01
4.125000000000000000e+02 9.150000000000000000e+01
4.190000000000000000e+02 9.050000000000000000e+01
4.205000000000000000e+02 8.950000000000000000e+01
4.320000000000000000e+02 8.950000000000000000e+01
4.345000000000000000e+02 8.750000000000000000e+01
4.420000000000000000e+02 8.650000000000000000e+01
4.475000000000000000e+02 8.550000000000000000e+01
4.550000000000000000e+02 8.450000000000000000e+01
4.595000000000000000e+02 8.450000000000000000e+01
4.600000000000000000e+02 8.450000000000000000e+01
4.665000000000000000e+02 8.450000000000000000e+01
4.710000000000000000e+02 8.450000000000000000e+01
4.725000000000000000e+02 8.350000000000000000e+01
4.830000000000000000e+02 8.250000000000000000e+01
4.835000000000000000e+02 8.150000000000000000e+01
4.900000000000000000e+02 7.950000000000000000e+01
4.945000000000000000e+02 7.850000000000000000e+01
5.010000000000000000e+02 7.750000000000000000e+01
5.035000000000000000e+02 7.750000000000000000e+01
5.050000000000000000e+02 7.650000000000000000e+01
5.085000000000000000e+02 7.650000000000000000e+01
5.120000000000000000e+02 7.750000000000000000e+01
5.135000000000000000e+02 7.650000000000000000e+01
5.180000000000000000e+02 7.550000000000000000e+01
5.205000000000000000e+02 7.650000000000000000e+01
