3.840000000000000000e+02 2.820000000000000000e+02
4.000000000000000000e+02 2.930000000000000000e+02
4.160000000000000000e+02 3.020000000000000000e+02
4.220000000000000000e+02 3.050000000000000000e+02
4.280000000000000000e+02 3.080000000000000000e+02
4.380000000000000000e+02 3.110000000000000000e+02
4.440000000000000000e+02 3.160000000000000000e+02
4.560000000000000000e+02 3.190000000000000000e+02
4.600000000000000000e+02 3.200000000000000000e+02
4.700000000000000000e+02 3.230000000000000000e+02
4.760000000000000000e+02 3.260000000000000000e+02
4.920000000000000000e+02 3.290000000000000000e+02
4.980000000000000000e+02 3.320000000000000000e+02
5.040000000000000000e+02 3.290000000000000000e+02
5.140000000000000000e+02 3.320000000000000000e+02
5.240000000000000000e+02 3.330000000000000000e+02
5.360000000000000000e+02 3.360000000000000000e+02
5.420000000000000000e+02 3.350000000000000000e+02
5.660000000000000000e+02 3.400000000000000000e+02
5.740000000000000000e+02 3.390000000000000000e+02
5.900000000000000000e+02 3.420000000000000000e+02
5.960000000000000000e+02 3.430000000000000000e+02
6.140000000000000000e+02 3.440000000000000000e+02
6.200000000000000000e+02 3.430000000000000000e+02
6.320000000000000000e+02 3.440000000000000000e+02
6.380000000000000000e+02 3.430000000000000000e+02
6.500000000000000000e+02 3.460000000000000000e+02
6.620000000000000000e+02 3.450000000000000000e+02
6.660000000000000000e+02 3.460000000000000000e+02
6.900000000000000000e+02 3.450000000000000000e+02
6.940000000000000000e+02 3.440000000000000000e+02
7.120000000000000000e+02 3.410000000000000000e+02
7.200000000000000000e+02 3.420000000000000000e+02
7.280000000000000000e+02 3.370000000000000000e+02
7.420000000000000000e+02 3.360000000000000000e+02
7.480000000000000000e+02 3.350000000000000000e+02
7.620000000000000000e+02 3.300000000000000000e+02
7.760000000000000000e+02 3.270000000000000000e+02
7.880000000000000000e+02 3.240000000000000000e+02
7.920000000000000000e+02 3.210000000000000000e+02
8.060000000000000000e+02 3.180000000000000000e+02
8.140000000000000000e+02 3.150000000000000000e+02
8.180000000000000000e+02 3.120000000000000000e+02
8.320000000000000000e+02 3.070000000000000000e+02
8.400000000000000000e+02 3.060000000000000000e+02
8.480000000000000000e+02 3.010000000000000000e+02
8.560000000000000000e+02 2.980000000000000000e+02
8.660000000000000000e+02 2.950000000000000000e+02
8.780000000000000000e+02 2.920000000000000000e+02
8.840000000000000000e+02 2.870000000000000000e+02
