4.630000000000000000e+02 1.070000000000000000e+02
4.670000000000000000e+02 1.095000000000000000e+02
4.660000000000000000e+02 1.090000000000000000e+02
4.650000000000000000e+02 1.085000000000000000e+02
4.630000000000000000e+02 1.080000000000000000e+02
4.600000000000000000e+02 1.045000000000000000e+02
4.580000000000000000e+02 1.030000000000000000e+02
4.560000000000000000e+02 9.850000000000000000e+01
4.550000000000000000e+02 9.800000000000000000e+01
4.540000000000000000e+02 9.550000000000000000e+01
4.530000000000000000e+02 9.200000000000000000e+01
4.530000000000000000e+02 9.050000000000000000e+01
4.520000000000000000e+02 9.000000000000000000e+01
4.520000000000000000e+02 8.550000000000000000e+01
4.520000000000000000e+02 8.500000000000000000e+01
4.520000000000000000e+02 8.250000000000000000e+01
4.520000000000000000e+02 8.000000000000000000e+01
4.520000000000000000e+02 7.850000000000000000e+01
4.520000000000000000e+02 8.000000000000000000e+01
4.520000000000000000e+02 8.150000000000000000e+01
4.510000000000000000e+02 8.200000000000000000e+01
4.510000000000000000e+02 8.350000000000000000e+01
4.520000000000000000e+02 8.300000000000000000e+01
4.510000000000000000e+02 8.750000000000000000e+01
4.500000000000000000e+02 9.400000000000000000e+01
4.490000000000000000e+02 9.850000000000000000e+01
4.470000000000000000e+02 1.020000000000000000e+02
4.460000000000000000e+02 1.095000000000000000e+02
4.440000000000000000e+02 1.140000000000000000e+02
4.430000000000000000e+02 1.185000000000000000e+02
4.420000000000000000e+02 1.230000000000000000e+02
4.390000000000000000e+02 1.315000000000000000e+02
4.380000000000000000e+02 1.350000000000000000e+02
4.360000000000000000e+02 1.395000000000000000e+02
4.340000000000000000e+02 1.470000000000000000e+02
4.320000000000000000e+02 1.515000000000000000e+02
4.300000000000000000e+02 1.570000000000000000e+02
4.300000000000000000e+02 1.595000000000000000e+02
4.260000000000000000e+02 1.690000000000000000e+02
4.250000000000000000e+02 1.725000000000000000e+02
4.230000000000000000e+02 1.770000000000000000e+02
4.210000000000000000e+02 1.815000000000000000e+02
4.200000000000000000e+02 1.840000000000000000e+02
4.180000000000000000e+02 1.885000000000000000e+02
4.150000000000000000e+02 1.940000000000000000e+02
4.130000000000000000e+02 2.005000000000000000e+02
4.100000000000000000e+02 2.060000000000000000e+02
4.100000000000000000e+02 2.085000000000000000e+02
4.070000000000000000e+02 2.140000000000000000e+02
4.040000000000000000e+02 2.175000000000000000e+02
4.040000000000000000e+02 2.200000000000000000e+02
4.020000000000000000e+02 2.255000000000000000e+02
3.990000000000000000e+02 2.320000000000000000e+02
3.960000000000000000e+02 2.375000000000000000e+02
3.940000000000000000e+02 2.420000000000000000e+02
3.930000000000000000e+02 2.445000000000000000e+02
3.900000000000000000e+02 2.500000000000000000e+02
3.870000000000000000e+02 2.535000000000000000e+02
3.870000000000000000e+02 2.560000000000000000e+02
3.820000000000000000e+02 2.635000000000000000e+02
3.820000000000000000e+02 2.660000000000000000e+02
3.790000000000000000e+02 2.705000000000000000e+02
3.800000000000000000e+02 2.710000000000000000e+02
3.830000000000000000e+02 2.665000000000000000e+02
3.850000000000000000e+02 2.650000000000000000e+02
3.880000000000000000e+02 2.615000000000000000e+02
3.900000000000000000e+02 2.600000000000000000e+02
3.940000000000000000e+02 2.585000000000000000e+02
3.950000000000000000e+02 2.580000000000000000e+02
3.960000000000000000e+02 2.575000000000000000e+02
4.000000000000000000e+02 2.570000000000000000e+02
4.020000000000000000e+02 2.565000000000000000e+02
4.030000000000000000e+02 2.560000000000000000e+02
4.060000000000000000e+02 2.555000000000000000e+02
4.080000000000000000e+02 2.560000000000000000e+02
4.110000000000000000e+02 2.565000000000000000e+02
4.120000000000000000e+02 2.570000000000000000e+02
4.100000000000000000e+02 2.565000000000000000e+02
4.100000000000000000e+02 2.560000000000000000e+02
4.080000000000000000e+02 2.555000000000000000e+02
4.080000000000000000e+02 2.570000000000000000e+02
4.030000000000000000e+02 2.555000000000000000e+02
4.000000000000000000e+02 2.540000000000000000e+02
3.970000000000000000e+02 2.535000000000000000e+02
3.900000000000000000e+02 2.510000000000000000e+02
3.850000000000000000e+02 2.495000000000000000e+02
3.800000000000000000e+02 2.480000000000000000e+02
3.770000000000000000e+02 2.455000000000000000e+02
3.730000000000000000e+02 2.450000000000000000e+02
3.680000000000000000e+02 2.435000000000000000e+02
3.640000000000000000e+02 2.420000000000000000e+02
3.570000000000000000e+02 2.395000000000000000e+02
3.520000000000000000e+02 2.380000000000000000e+02
3.480000000000000000e+02 2.365000000000000000e+02
3.440000000000000000e+02 2.360000000000000000e+02
3.370000000000000000e+02 2.325000000000000000e+02
3.330000000000000000e+02 2.310000000000000000e+02
3.290000000000000000e+02 2.285000000000000000e+02
3.250000000000000000e+02 2.280000000000000000e+02
3.210000000000000000e+02 2.265000000000000000e+02
3.170000000000000000e+02 2.250000000000000000e+02
3.130000000000000000e+02 2.225000000000000000e+02
3.060000000000000000e+02 2.200000000000000000e+02
3.010000000000000000e+02 2.185000000000000000e+02
2.970000000000000000e+02 2.180000000000000000e+02
2.930000000000000000e+02 2.155000000000000000e+02
2.880000000000000000e+02 2.140000000000000000e+02
2.850000000000000000e+02 2.135000000000000000e+02
2.810000000000000000e+02 2.120000000000000000e+02
2.740000000000000000e+02 2.095000000000000000e+02
2.690000000000000000e+02 2.080000000000000000e+02
2.640000000000000000e+02 2.055000000000000000e+02
2.620000000000000000e+02 2.050000000000000000e+02
2.610000000000000000e+02 2.045000000000000000e+02
2.630000000000000000e+02 2.070000000000000000e+02
2.650000000000000000e+02 2.065000000000000000e+02
2.670000000000000000e+02 2.090000000000000000e+02
2.690000000000000000e+02 2.095000000000000000e+02
2.710000000000000000e+02 2.110000000000000000e+02
2.720000000000000000e+02 2.125000000000000000e+02
2.740000000000000000e+02 2.160000000000000000e+02
2.750000000000000000e+02 2.175000000000000000e+02
2.760000000000000000e+02 2.200000000000000000e+02
2.770000000000000000e+02 2.215000000000000000e+02
2.770000000000000000e+02 2.240000000000000000e+02
2.780000000000000000e+02 2.265000000000000000e+02
2.780000000000000000e+02 2.280000000000000000e+02
2.770000000000000000e+02 2.315000000000000000e+02
2.770000000000000000e+02 2.320000000000000000e+02
2.770000000000000000e+02 2.305000000000000000e+02
2.780000000000000000e+02 2.300000000000000000e+02
2.780000000000000000e+02 2.285000000000000000e+02
2.780000000000000000e+02 2.250000000000000000e+02
2.790000000000000000e+02 2.215000000000000000e+02
2.790000000000000000e+02 2.150000000000000000e+02
2.800000000000000000e+02 2.085000000000000000e+02
2.820000000000000000e+02 2.040000000000000000e+02
2.820000000000000000e+02 2.005000000000000000e+02
2.840000000000000000e+02 1.920000000000000000e+02
2.840000000000000000e+02 1.885000000000000000e+02
2.850000000000000000e+02 1.830000000000000000e+02
2.860000000000000000e+02 1.775000000000000000e+02
2.860000000000000000e+02 1.750000000000000000e+02
2.870000000000000000e+02 1.685000000000000000e+02
2.890000000000000000e+02 1.650000000000000000e+02
2.900000000000000000e+02 1.555000000000000000e+02
2.920000000000000000e+02 1.520000000000000000e+02
2.920000000000000000e+02 1.485000000000000000e+02
2.940000000000000000e+02 1.420000000000000000e+02
2.960000000000000000e+02 1.375000000000000000e+02
2.960000000000000000e+02 1.350000000000000000e+02
2.970000000000000000e+02 1.285000000000000000e+02
3.000000000000000000e+02 1.250000000000000000e+02
3.000000000000000000e+02 1.215000000000000000e+02
3.010000000000000000e+02 1.150000000000000000e+02
3.040000000000000000e+02 1.105000000000000000e+02
3.040000000000000000e+02 1.080000000000000000e+02
3.060000000000000000e+02 1.015000000000000000e+02
3.080000000000000000e+02 9.800000000000000000e+01
3.080000000000000000e+02 9.450000000000000000e+01
3.100000000000000000e+02 8.900000000000000000e+01
3.120000000000000000e+02 8.450000000000000000e+01
3.120000000000000000e+02 8.200000000000000000e+01
3.160000000000000000e+02 7.250000000000000000e+01
3.160000000000000000e+02 6.900000000000000000e+01
3.190000000000000000e+02 6.250000000000000000e+01
3.210000000000000000e+02 6.000000000000000000e+01
3.240000000000000000e+02 5.450000000000000000e+01
3.280000000000000000e+02 5.100000000000000000e+01
3.290000000000000000e+02 4.950000000000000000e+01
3.320000000000000000e+02 4.700000000000000000e+01
3.290000000000000000e+02 4.950000000000000000e+01
3.280000000000000000e+02 5.100000000000000000e+01
3.240000000000000000e+02 5.350000000000000000e+01
3.220000000000000000e+02 5.500000000000000000e+01
3.220000000000000000e+02 5.550000000000000000e+01
3.180000000000000000e+02 5.700000000000000000e+01
3.170000000000000000e+02 5.750000000000000000e+01
3.160000000000000000e+02 5.800000000000000000e+01
3.120000000000000000e+02 5.950000000000000000e+01
3.090000000000000000e+02 6.000000000000000000e+01
3.050000000000000000e+02 6.050000000000000000e+01
3.040000000000000000e+02 6.100000000000000000e+01
3.030000000000000000e+02 6.050000000000000000e+01
3.010000000000000000e+02 6.100000000000000000e+01
3.000000000000000000e+02 6.050000000000000000e+01
3.020000000000000000e+02 6.100000000000000000e+01
3.030000000000000000e+02 6.050000000000000000e+01
3.030000000000000000e+02 6.000000000000000000e+01
3.090000000000000000e+02 5.950000000000000000e+01
3.120000000000000000e+02 6.000000000000000000e+01
3.200000000000000000e+02 5.850000000000000000e+01
3.240000000000000000e+02 5.900000000000000000e+01
3.270000000000000000e+02 5.850000000000000000e+01
3.320000000000000000e+02 5.900000000000000000e+01
3.360000000000000000e+02 5.950000000000000000e+01
3.400000000000000000e+02 6.000000000000000000e+01
3.450000000000000000e+02 5.950000000000000000e+01
3.490000000000000000e+02 6.100000000000000000e+01
3.530000000000000000e+02 6.150000000000000000e+01
3.570000000000000000e+02 6.200000000000000000e+01
3.620000000000000000e+02 6.350000000000000000e+01
3.670000000000000000e+02 6.400000000000000000e+01
3.700000000000000000e+02 6.350000000000000000e+01
3.740000000000000000e+02 6.500000000000000000e+01
3.810000000000000000e+02 6.550000000000000000e+01
3.870000000000000000e+02 6.700000000000000000e+01
3.930000000000000000e+02 6.850000000000000000e+01
3.950000000000000000e+02 6.800000000000000000e+01
4.000000000000000000e+02 6.950000000000000000e+01
4.060000000000000000e+02 7.100000000000000000e+01
4.080000000000000000e+02 7.050000000000000000e+01
4.170000000000000000e+02 7.400000000000000000e+01
4.200000000000000000e+02 7.350000000000000000e+01
4.260000000000000000e+02 7.500000000000000000e+01
4.310000000000000000e+02 7.650000000000000000e+01
4.330000000000000000e+02 7.600000000000000000e+01
4.390000000000000000e+02 7.750000000000000000e+01
4.430000000000000000e+02 8.000000000000000000e+01
4.510000000000000000e+02 8.050000000000000000e+01
4.550000000000000000e+02 8.300000000000000000e+01
4.580000000000000000e+02 8.250000000000000000e+01
4.640000000000000000e+02 8.500000000000000000e+01
4.690000000000000000e+02 8.650000000000000000e+01
4.750000000000000000e+02 8.900000000000000000e+01
4.760000000000000000e+02 8.850000000000000000e+01
4.740000000000000000e+02 8.700000000000000000e+01
4.690000000000000000e+02 8.350000000000000000e+01
4.660000000000000000e+02 8.100000000000000000e+01
4.650000000000000000e+02 7.950000000000000000e+01
4.630000000000000000e+02 7.800000000000000000e+01
4.610000000000000000e+02 7.450000000000000000e+01
4.600000000000000000e+02 7.400000000000000000e+01
4.590000000000000000e+02 7.150000000000000000e+01
4.580000000000000000e+02 6.800000000000000000e+01
4.570000000000000000e+02 6.450000000000000000e+01
4.570000000000000000e+02 6.200000000000000000e+01
4.570000000000000000e+02 5.850000000000000000e+01
4.570000000000000000e+02 5.700000000000000000e+01
4.570000000000000000e+02 5.650000000000000000e+01
4.570000000000000000e+02 5.700000000000000000e+01
4.570000000000000000e+02 5.750000000000000000e+01
4.570000000000000000e+02 5.900000000000000000e+01
4.570000000000000000e+02 6.050000000000000000e+01
4.560000000000000000e+02 6.900000000000000000e+01
4.560000000000000000e+02 7.150000000000000000e+01
4.560000000000000000e+02 7.800000000000000000e+01
4.540000000000000000e+02 8.150000000000000000e+01
4.530000000000000000e+02 9.000000000000000000e+01
4.520000000000000000e+02 9.350000000000000000e+01
4.520000000000000000e+02 9.700000000000000000e+01
4.510000000000000000e+02 1.025000000000000000e+02
4.500000000000000000e+02 1.060000000000000000e+02
4.500000000000000000e+02 1.095000000000000000e+02
4.490000000000000000e+02 1.160000000000000000e+02
4.470000000000000000e+02 1.225000000000000000e+02
4.460000000000000000e+02 1.290000000000000000e+02
4.440000000000000000e+02 1.315000000000000000e+02
4.430000000000000000e+02 1.360000000000000000e+02
4.420000000000000000e+02 1.405000000000000000e+02
4.410000000000000000e+02 1.440000000000000000e+02
4.400000000000000000e+02 1.485000000000000000e+02
4.380000000000000000e+02 1.560000000000000000e+02
4.360000000000000000e+02 1.615000000000000000e+02
4.350000000000000000e+02 1.660000000000000000e+02
4.330000000000000000e+02 1.695000000000000000e+02
4.310000000000000000e+02 1.750000000000000000e+02
4.310000000000000000e+02 1.785000000000000000e+02
4.290000000000000000e+02 1.830000000000000000e+02
4.270000000000000000e+02 1.875000000000000000e+02
4.250000000000000000e+02 1.950000000000000000e+02
4.220000000000000000e+02 1.995000000000000000e+02
4.220000000000000000e+02 2.030000000000000000e+02
4.200000000000000000e+02 2.075000000000000000e+02
4.170000000000000000e+02 2.140000000000000000e+02
4.150000000000000000e+02 2.195000000000000000e+02
4.120000000000000000e+02 2.240000000000000000e+02
4.120000000000000000e+02 2.255000000000000000e+02
4.090000000000000000e+02 2.310000000000000000e+02
4.060000000000000000e+02 2.345000000000000000e+02
4.030000000000000000e+02 2.430000000000000000e+02
4.010000000000000000e+02 2.465000000000000000e+02
4.000000000000000000e+02 2.500000000000000000e+02
3.970000000000000000e+02 2.555000000000000000e+02
3.940000000000000000e+02 2.600000000000000000e+02
3.910000000000000000e+02 2.655000000000000000e+02
3.890000000000000000e+02 2.680000000000000000e+02
3.890000000000000000e+02 2.685000000000000000e+02
3.890000000000000000e+02 2.700000000000000000e+02
3.890000000000000000e+02 2.685000000000000000e+02
3.910000000000000000e+02 2.670000000000000000e+02
3.930000000000000000e+02 2.635000000000000000e+02
3.950000000000000000e+02 2.630000000000000000e+02
3.970000000000000000e+02 2.615000000000000000e+02
4.000000000000000000e+02 2.600000000000000000e+02
4.020000000000000000e+02 2.585000000000000000e+02
4.040000000000000000e+02 2.580000000000000000e+02
4.060000000000000000e+02 2.575000000000000000e+02
4.090000000000000000e+02 2.570000000000000000e+02
4.100000000000000000e+02 2.575000000000000000e+02
4.100000000000000000e+02 2.580000000000000000e+02
4.100000000000000000e+02 2.575000000000000000e+02
4.090000000000000000e+02 2.580000000000000000e+02
4.090000000000000000e+02 2.575000000000000000e+02
4.080000000000000000e+02 2.580000000000000000e+02
4.020000000000000000e+02 2.565000000000000000e+02
3.990000000000000000e+02 2.560000000000000000e+02
3.970000000000000000e+02 2.565000000000000000e+02
3.900000000000000000e+02 2.550000000000000000e+02
3.870000000000000000e+02 2.535000000000000000e+02
3.840000000000000000e+02 2.540000000000000000e+02
3.780000000000000000e+02 2.525000000000000000e+02
3.730000000000000000e+02 2.520000000000000000e+02
3.660000000000000000e+02 2.505000000000000000e+02
3.630000000000000000e+02 2.490000000000000000e+02
3.600000000000000000e+02 2.485000000000000000e+02
3.540000000000000000e+02 2.490000000000000000e+02
3.510000000000000000e+02 2.475000000000000000e+02
3.470000000000000000e+02 2.470000000000000000e+02
3.390000000000000000e+02 2.455000000000000000e+02
3.340000000000000000e+02 2.450000000000000000e+02
3.300000000000000000e+02 2.445000000000000000e+02
3.260000000000000000e+02 2.440000000000000000e+02
3.190000000000000000e+02 2.435000000000000000e+02
3.140000000000000000e+02 2.430000000000000000e+02
3.090000000000000000e+02 2.415000000000000000e+02
3.060000000000000000e+02 2.420000000000000000e+02
3.010000000000000000e+02 2.415000000000000000e+02
2.960000000000000000e+02 2.400000000000000000e+02
2.940000000000000000e+02 2.405000000000000000e+02
2.860000000000000000e+02 2.380000000000000000e+02
2.830000000000000000e+02 2.385000000000000000e+02
2.770000000000000000e+02 2.380000000000000000e+02
2.730000000000000000e+02 2.365000000000000000e+02
2.650000000000000000e+02 2.360000000000000000e+02
2.610000000000000000e+02 2.345000000000000000e+02
2.590000000000000000e+02 2.350000000000000000e+02
2.550000000000000000e+02 2.345000000000000000e+02
2.570000000000000000e+02 2.360000000000000000e+02
2.580000000000000000e+02 2.355000000000000000e+02
2.610000000000000000e+02 2.370000000000000000e+02
2.630000000000000000e+02 2.385000000000000000e+02
2.650000000000000000e+02 2.400000000000000000e+02
2.670000000000000000e+02 2.405000000000000000e+02
2.680000000000000000e+02 2.420000000000000000e+02
2.690000000000000000e+02 2.435000000000000000e+02
2.710000000000000000e+02 2.450000000000000000e+02
2.720000000000000000e+02 2.465000000000000000e+02
2.740000000000000000e+02 2.500000000000000000e+02
2.740000000000000000e+02 2.515000000000000000e+02
2.750000000000000000e+02 2.550000000000000000e+02
2.750000000000000000e+02 2.545000000000000000e+02
2.750000000000000000e+02 2.550000000000000000e+02
2.750000000000000000e+02 2.545000000000000000e+02
2.740000000000000000e+02 2.520000000000000000e+02
2.730000000000000000e+02 2.495000000000000000e+02
2.720000000000000000e+02 2.490000000000000000e+02
2.700000000000000000e+02 2.435000000000000000e+02
2.690000000000000000e+02 2.390000000000000000e+02
2.660000000000000000e+02 2.315000000000000000e+02
2.650000000000000000e+02 2.280000000000000000e+02
2.650000000000000000e+02 2.265000000000000000e+02
2.630000000000000000e+02 2.220000000000000000e+02
2.650000000000000000e+02 2.215000000000000000e+02
2.630000000000000000e+02 2.190000000000000000e+02
2.620000000000000000e+02 2.165000000000000000e+02
2.640000000000000000e+02 2.200000000000000000e+02
2.650000000000000000e+02 2.235000000000000000e+02
2.660000000000000000e+02 2.270000000000000000e+02
2.660000000000000000e+02 2.285000000000000000e+02
2.670000000000000000e+02 2.330000000000000000e+02
2.670000000000000000e+02 2.345000000000000000e+02
2.670000000000000000e+02 2.370000000000000000e+02
2.660000000000000000e+02 2.385000000000000000e+02
2.660000000000000000e+02 2.410000000000000000e+02
2.650000000000000000e+02 2.425000000000000000e+02
2.640000000000000000e+02 2.440000000000000000e+02
2.630000000000000000e+02 2.465000000000000000e+02
2.620000000000000000e+02 2.490000000000000000e+02
2.620000000000000000e+02 2.485000000000000000e+02
2.620000000000000000e+02 2.490000000000000000e+02
2.630000000000000000e+02 2.475000000000000000e+02
2.630000000000000000e+02 2.470000000000000000e+02
2.660000000000000000e+02 2.425000000000000000e+02
2.690000000000000000e+02 2.380000000000000000e+02
2.720000000000000000e+02 2.325000000000000000e+02
2.750000000000000000e+02 2.310000000000000000e+02
2.800000000000000000e+02 2.225000000000000000e+02
2.830000000000000000e+02 2.210000000000000000e+02
2.850000000000000000e+02 2.165000000000000000e+02
2.880000000000000000e+02 2.120000000000000000e+02
2.910000000000000000e+02 2.095000000000000000e+02
2.940000000000000000e+02 2.060000000000000000e+02
2.960000000000000000e+02 2.025000000000000000e+02
3.020000000000000000e+02 1.960000000000000000e+02
3.070000000000000000e+02 1.895000000000000000e+02
3.110000000000000000e+02 1.850000000000000000e+02
3.120000000000000000e+02 1.815000000000000000e+02
3.190000000000000000e+02 1.750000000000000000e+02
3.210000000000000000e+02 1.725000000000000000e+02
3.240000000000000000e+02 1.680000000000000000e+02
3.280000000000000000e+02 1.645000000000000000e+02
3.320000000000000000e+02 1.570000000000000000e+02
3.360000000000000000e+02 1.535000000000000000e+02
3.370000000000000000e+02 1.510000000000000000e+02
3.410000000000000000e+02 1.465000000000000000e+02
3.450000000000000000e+02 1.430000000000000000e+02
3.460000000000000000e+02 1.405000000000000000e+02
3.500000000000000000e+02 1.360000000000000000e+02
3.530000000000000000e+02 1.325000000000000000e+02
3.540000000000000000e+02 1.310000000000000000e+02
3.580000000000000000e+02 1.255000000000000000e+02
3.620000000000000000e+02 1.230000000000000000e+02
3.630000000000000000e+02 1.195000000000000000e+02
3.670000000000000000e+02 1.150000000000000000e+02
3.700000000000000000e+02 1.125000000000000000e+02
3.720000000000000000e+02 1.100000000000000000e+02
3.760000000000000000e+02 1.045000000000000000e+02
3.790000000000000000e+02 1.020000000000000000e+02
3.800000000000000000e+02 9.850000000000000000e+01
3.840000000000000000e+02 9.400000000000000000e+01
3.870000000000000000e+02 9.150000000000000000e+01
3.890000000000000000e+02 8.900000000000000000e+01
3.920000000000000000e+02 8.350000000000000000e+01
3.950000000000000000e+02 8.200000000000000000e+01
3.980000000000000000e+02 7.750000000000000000e+01
4.010000000000000000e+02 7.400000000000000000e+01
4.070000000000000000e+02 6.750000000000000000e+01
4.100000000000000000e+02 6.400000000000000000e+01
4.130000000000000000e+02 6.150000000000000000e+01
4.150000000000000000e+02 6.000000000000000000e+01
4.150000000000000000e+02 6.050000000000000000e+01
4.130000000000000000e+02 6.300000000000000000e+01
4.120000000000000000e+02 6.350000000000000000e+01
4.080000000000000000e+02 6.600000000000000000e+01
4.060000000000000000e+02 6.650000000000000000e+01
4.040000000000000000e+02 6.800000000000000000e+01
4.020000000000000000e+02 6.750000000000000000e+01
4.000000000000000000e+02 6.800000000000000000e+01
3.980000000000000000e+02 6.850000000000000000e+01
3.960000000000000000e+02 6.800000000000000000e+01
3.920000000000000000e+02 6.750000000000000000e+01
3.910000000000000000e+02 6.700000000000000000e+01
3.910000000000000000e+02 6.650000000000000000e+01
3.910000000000000000e+02 6.700000000000000000e+01
3.920000000000000000e+02 6.650000000000000000e+01
3.970000000000000000e+02 6.800000000000000000e+01
3.990000000000000000e+02 6.850000000000000000e+01
4.050000000000000000e+02 7.000000000000000000e+01
4.120000000000000000e+02 7.150000000000000000e+01
4.160000000000000000e+02 7.400000000000000000e+01
4.180000000000000000e+02 7.350000000000000000e+01
4.240000000000000000e+02 7.600000000000000000e+01
4.280000000000000000e+02 7.750000000000000000e+01
4.300000000000000000e+02 7.800000000000000000e+01
4.380000000000000000e+02 8.150000000000000000e+01
4.420000000000000000e+02 8.200000000000000000e+01
4.480000000000000000e+02 8.450000000000000000e+01
4.510000000000000000e+02 8.700000000000000000e+01
4.590000000000000000e+02 8.950000000000000000e+01
4.620000000000000000e+02 9.200000000000000000e+01
4.660000000000000000e+02 9.250000000000000000e+01
4.710000000000000000e+02 9.500000000000000000e+01
4.720000000000000000e+02 9.650000000000000000e+01
4.740000000000000000e+02 9.800000000000000000e+01
4.740000000000000000e+02 9.850000000000000000e+01
4.720000000000000000e+02 9.700000000000000000e+01
4.700000000000000000e+02 9.550000000000000000e+01
4.690000000000000000e+02 9.600000000000000000e+01
4.650000000000000000e+02 9.250000000000000000e+01
4.630000000000000000e+02 9.100000000000000000e+01
4.610000000000000000e+02 8.750000000000000000e+01
4.600000000000000000e+02 8.700000000000000000e+01
4.580000000000000000e+02 8.150000000000000000e+01
4.570000000000000000e+02 8.100000000000000000e+01
4.560000000000000000e+02 7.850000000000000000e+01
4.560000000000000000e+02 7.500000000000000000e+01
4.560000000000000000e+02 7.350000000000000000e+01
4.560000000000000000e+02 7.200000000000000000e+01
4.570000000000000000e+02 6.950000000000000000e+01
4.570000000000000000e+02 6.900000000000000000e+01
4.570000000000000000e+02 7.050000000000000000e+01
4.570000000000000000e+02 7.100000000000000000e+01
4.570000000000000000e+02 7.250000000000000000e+01
4.570000000000000000e+02 7.300000000000000000e+01
4.570000000000000000e+02 7.950000000000000000e+01
4.560000000000000000e+02 8.200000000000000000e+01
4.560000000000000000e+02 8.450000000000000000e+01
4.560000000000000000e+02 9.100000000000000000e+01
4.550000000000000000e+02 9.350000000000000000e+01
4.550000000000000000e+02 9.800000000000000000e+01
4.540000000000000000e+02 1.055000000000000000e+02
4.530000000000000000e+02 1.110000000000000000e+02
4.530000000000000000e+02 1.135000000000000000e+02
4.530000000000000000e+02 1.190000000000000000e+02
4.510000000000000000e+02 1.235000000000000000e+02
4.520000000000000000e+02 1.260000000000000000e+02
4.510000000000000000e+02 1.315000000000000000e+02
4.500000000000000000e+02 1.380000000000000000e+02
