2.485000000000000000e+02 2.500000000000000000e+02
2.525000000000000000e+02 2.500000000000000000e+02
2.545000000000000000e+02 2.510000000000000000e+02
2.575000000000000000e+02 2.510000000000000000e+02
2.605000000000000000e+02 2.520000000000000000e+02
2.615000000000000000e+02 2.530000000000000000e+02
2.645000000000000000e+02 2.530000000000000000e+02
2.655000000000000000e+02 2.540000000000000000e+02
2.675000000000000000e+02 2.550000000000000000e+02
2.695000000000000000e+02 2.550000000000000000e+02
2.715000000000000000e+02 2.570000000000000000e+02
2.715000000000000000e+02 2.570000000000000000e+02
2.715000000000000000e+02 2.560000000000000000e+02
2.715000000000000000e+02 2.560000000000000000e+02
2.705000000000000000e+02 2.550000000000000000e+02
2.695000000000000000e+02 2.540000000000000000e+02
2.675000000000000000e+02 2.510000000000000000e+02
2.645000000000000000e+02 2.440000000000000000e+02
2.615000000000000000e+02 2.410000000000000000e+02
2.615000000000000000e+02 2.370000000000000000e+02
2.595000000000000000e+02 2.330000000000000000e+02
2.585000000000000000e+02 2.290000000000000000e+02
2.585000000000000000e+02 2.280000000000000000e+02
2.575000000000000000e+02 2.260000000000000000e+02
2.585000000000000000e+02 2.250000000000000000e+02
2.595000000000000000e+02 2.230000000000000000e+02
2.595000000000000000e+02 2.210000000000000000e+02
2.585000000000000000e+02 2.190000000000000000e+02
2.585000000000000000e+02 2.180000000000000000e+02
2.575000000000000000e+02 2.160000000000000000e+02
2.575000000000000000e+02 2.160000000000000000e+02
2.595000000000000000e+02 2.180000000000000000e+02
2.605000000000000000e+02 2.200000000000000000e+02
2.605000000000000000e+02 2.210000000000000000e+02
2.615000000000000000e+02 2.240000000000000000e+02
2.625000000000000000e+02 2.280000000000000000e+02
2.625000000000000000e+02 2.320000000000000000e+02
2.625000000000000000e+02 2.340000000000000000e+02
2.625000000000000000e+02 2.360000000000000000e+02
2.625000000000000000e+02 2.400000000000000000e+02
2.615000000000000000e+02 2.420000000000000000e+02
2.605000000000000000e+02 2.450000000000000000e+02
2.595000000000000000e+02 2.460000000000000000e+02
2.585000000000000000e+02 2.470000000000000000e+02
2.575000000000000000e+02 2.470000000000000000e+02
2.585000000000000000e+02 2.470000000000000000e+02
2.575000000000000000e+02 2.460000000000000000e+02
2.595000000000000000e+02 2.460000000000000000e+02
2.605000000000000000e+02 2.440000000000000000e+02
2.615000000000000000e+02 2.400000000000000000e+02
2.645000000000000000e+02 2.360000000000000000e+02
2.645000000000000000e+02 2.330000000000000000e+02
2.665000000000000000e+02 2.280000000000000000e+02
2.695000000000000000e+02 2.220000000000000000e+02
2.735000000000000000e+02 2.160000000000000000e+02
2.765000000000000000e+02 2.120000000000000000e+02
2.765000000000000000e+02 2.090000000000000000e+02
2.785000000000000000e+02 2.030000000000000000e+02
2.815000000000000000e+02 1.980000000000000000e+02
2.825000000000000000e+02 1.960000000000000000e+02
2.865000000000000000e+02 1.880000000000000000e+02
2.875000000000000000e+02 1.850000000000000000e+02
2.905000000000000000e+02 1.790000000000000000e+02
2.925000000000000000e+02 1.740000000000000000e+02
2.925000000000000000e+02 1.720000000000000000e+02
2.945000000000000000e+02 1.680000000000000000e+02
2.975000000000000000e+02 1.630000000000000000e+02
2.985000000000000000e+02 1.590000000000000000e+02
2.995000000000000000e+02 1.550000000000000000e+02
3.025000000000000000e+02 1.500000000000000000e+02
3.025000000000000000e+02 1.470000000000000000e+02
3.065000000000000000e+02 1.380000000000000000e+02
3.075000000000000000e+02 1.340000000000000000e+02
3.105000000000000000e+02 1.300000000000000000e+02
3.125000000000000000e+02 1.220000000000000000e+02
3.145000000000000000e+02 1.170000000000000000e+02
3.155000000000000000e+02 1.110000000000000000e+02
3.175000000000000000e+02 1.070000000000000000e+02
3.195000000000000000e+02 1.030000000000000000e+02
3.205000000000000000e+02 9.900000000000000000e+01
3.215000000000000000e+02 9.500000000000000000e+01
3.235000000000000000e+02 9.100000000000000000e+01
3.255000000000000000e+02 8.600000000000000000e+01
3.265000000000000000e+02 8.200000000000000000e+01
3.275000000000000000e+02 7.800000000000000000e+01
3.295000000000000000e+02 7.400000000000000000e+01
3.315000000000000000e+02 6.900000000000000000e+01
3.335000000000000000e+02 6.400000000000000000e+01
3.345000000000000000e+02 6.000000000000000000e+01
3.355000000000000000e+02 5.600000000000000000e+01
3.385000000000000000e+02 5.200000000000000000e+01
3.385000000000000000e+02 4.900000000000000000e+01
3.395000000000000000e+02 4.500000000000000000e+01
3.385000000000000000e+02 4.800000000000000000e+01
3.375000000000000000e+02 5.000000000000000000e+01
3.365000000000000000e+02 5.200000000000000000e+01
3.325000000000000000e+02 5.700000000000000000e+01
3.305000000000000000e+02 5.700000000000000000e+01
3.275000000000000000e+02 5.900000000000000000e+01
3.265000000000000000e+02 6.000000000000000000e+01
3.255000000000000000e+02 6.100000000000000000e+01
3.225000000000000000e+02 6.200000000000000000e+01
3.205000000000000000e+02 6.300000000000000000e+01
3.165000000000000000e+02 6.300000000000000000e+01
3.135000000000000000e+02 6.300000000000000000e+01
3.125000000000000000e+02 6.200000000000000000e+01
3.085000000000000000e+02 6.300000000000000000e+01
3.085000000000000000e+02 6.200000000000000000e+01
3.095000000000000000e+02 6.300000000000000000e+01
3.125000000000000000e+02 6.200000000000000000e+01
3.125000000000000000e+02 6.300000000000000000e+01
3.145000000000000000e+02 6.200000000000000000e+01
3.145000000000000000e+02 6.300000000000000000e+01
3.205000000000000000e+02 6.200000000000000000e+01
3.245000000000000000e+02 6.300000000000000000e+01
3.265000000000000000e+02 6.200000000000000000e+01
3.335000000000000000e+02 6.200000000000000000e+01
3.385000000000000000e+02 6.300000000000000000e+01
3.405000000000000000e+02 6.200000000000000000e+01
3.465000000000000000e+02 6.200000000000000000e+01
3.505000000000000000e+02 6.300000000000000000e+01
3.525000000000000000e+02 6.100000000000000000e+01
3.585000000000000000e+02 6.100000000000000000e+01
3.625000000000000000e+02 6.100000000000000000e+01
3.715000000000000000e+02 6.000000000000000000e+01
3.775000000000000000e+02 6.200000000000000000e+01
3.795000000000000000e+02 6.100000000000000000e+01
3.865000000000000000e+02 6.000000000000000000e+01
3.895000000000000000e+02 6.100000000000000000e+01
3.925000000000000000e+02 6.000000000000000000e+01
3.985000000000000000e+02 6.000000000000000000e+01
4.025000000000000000e+02 6.100000000000000000e+01
4.055000000000000000e+02 6.000000000000000000e+01
4.125000000000000000e+02 6.000000000000000000e+01
4.165000000000000000e+02 6.000000000000000000e+01
4.195000000000000000e+02 6.000000000000000000e+01
4.265000000000000000e+02 6.000000000000000000e+01
4.305000000000000000e+02 6.000000000000000000e+01
4.325000000000000000e+02 5.900000000000000000e+01
4.385000000000000000e+02 5.900000000000000000e+01
4.415000000000000000e+02 6.000000000000000000e+01
4.455000000000000000e+02 6.000000000000000000e+01
4.535000000000000000e+02 6.200000000000000000e+01
4.565000000000000000e+02 6.100000000000000000e+01
4.605000000000000000e+02 6.100000000000000000e+01
4.635000000000000000e+02 6.200000000000000000e+01
4.665000000000000000e+02 6.200000000000000000e+01
4.665000000000000000e+02 6.200000000000000000e+01
4.665000000000000000e+02 6.200000000000000000e+01
4.665000000000000000e+02 6.200000000000000000e+01
4.675000000000000000e+02 6.200000000000000000e+01
4.685000000000000000e+02 6.200000000000000000e+01
4.675000000000000000e+02 6.200000000000000000e+01
4.685000000000000000e+02 6.200000000000000000e+01
4.675000000000000000e+02 6.200000000000000000e+01
4.685000000000000000e+02 6.200000000000000000e+01
4.685000000000000000e+02 6.300000000000000000e+01
4.695000000000000000e+02 6.300000000000000000e+01
4.715000000000000000e+02 6.300000000000000000e+01
4.715000000000000000e+02 6.200000000000000000e+01
4.715000000000000000e+02 6.300000000000000000e+01
4.715000000000000000e+02 6.200000000000000000e+01
4.715000000000000000e+02 6.300000000000000000e+01
4.715000000000000000e+02 6.200000000000000000e+01
4.715000000000000000e+02 6.300000000000000000e+01
4.715000000000000000e+02 6.200000000000000000e+01
4.715000000000000000e+02 6.300000000000000000e+01
4.715000000000000000e+02 6.200000000000000000e+01
4.715000000000000000e+02 6.300000000000000000e+01
4.715000000000000000e+02 6.200000000000000000e+01
4.715000000000000000e+02 6.400000000000000000e+01
4.665000000000000000e+02 6.700000000000000000e+01
4.575000000000000000e+02 7.100000000000000000e+01
4.515000000000000000e+02 7.200000000000000000e+01
4.465000000000000000e+02 7.200000000000000000e+01
4.435000000000000000e+02 7.100000000000000000e+01
4.415000000000000000e+02 6.800000000000000000e+01
4.405000000000000000e+02 6.800000000000000000e+01
4.385000000000000000e+02 6.700000000000000000e+01
4.365000000000000000e+02 6.400000000000000000e+01
4.355000000000000000e+02 6.400000000000000000e+01
4.345000000000000000e+02 6.200000000000000000e+01
4.315000000000000000e+02 5.900000000000000000e+01
4.305000000000000000e+02 5.600000000000000000e+01
4.295000000000000000e+02 5.400000000000000000e+01
4.295000000000000000e+02 5.300000000000000000e+01
4.305000000000000000e+02 5.400000000000000000e+01
4.305000000000000000e+02 5.600000000000000000e+01
4.305000000000000000e+02 5.600000000000000000e+01
4.315000000000000000e+02 5.800000000000000000e+01
4.355000000000000000e+02 6.300000000000000000e+01
4.365000000000000000e+02 6.600000000000000000e+01
4.365000000000000000e+02 6.800000000000000000e+01
4.395000000000000000e+02 7.400000000000000000e+01
4.415000000000000000e+02 7.700000000000000000e+01
4.435000000000000000e+02 7.800000000000000000e+01
4.465000000000000000e+02 8.700000000000000000e+01
4.485000000000000000e+02 8.900000000000000000e+01
4.505000000000000000e+02 9.500000000000000000e+01
4.515000000000000000e+02 9.800000000000000000e+01
4.565000000000000000e+02 1.060000000000000000e+02
4.565000000000000000e+02 1.090000000000000000e+02
4.555000000000000000e+02 1.090000000000000000e+02
4.585000000000000000e+02 1.130000000000000000e+02
4.585000000000000000e+02 1.140000000000000000e+02
4.585000000000000000e+02 1.140000000000000000e+02
4.575000000000000000e+02 1.120000000000000000e+02
4.585000000000000000e+02 1.090000000000000000e+02
4.575000000000000000e+02 1.050000000000000000e+02
4.575000000000000000e+02 1.020000000000000000e+02
4.585000000000000000e+02 1.000000000000000000e+02
4.575000000000000000e+02 9.500000000000000000e+01
4.585000000000000000e+02 9.300000000000000000e+01
4.585000000000000000e+02 8.900000000000000000e+01
4.595000000000000000e+02 8.700000000000000000e+01
4.615000000000000000e+02 8.600000000000000000e+01
4.625000000000000000e+02 8.400000000000000000e+01
4.625000000000000000e+02 8.400000000000000000e+01
4.625000000000000000e+02 8.500000000000000000e+01
4.615000000000000000e+02 8.600000000000000000e+01
4.615000000000000000e+02 8.700000000000000000e+01
4.615000000000000000e+02 8.800000000000000000e+01
4.605000000000000000e+02 9.100000000000000000e+01
4.585000000000000000e+02 9.400000000000000000e+01
4.565000000000000000e+02 9.900000000000000000e+01
4.555000000000000000e+02 1.040000000000000000e+02
4.545000000000000000e+02 1.090000000000000000e+02
4.535000000000000000e+02 1.110000000000000000e+02
4.525000000000000000e+02 1.160000000000000000e+02
4.505000000000000000e+02 1.210000000000000000e+02
4.505000000000000000e+02 1.230000000000000000e+02
4.495000000000000000e+02 1.270000000000000000e+02
4.485000000000000000e+02 1.330000000000000000e+02
4.475000000000000000e+02 1.390000000000000000e+02
4.465000000000000000e+02 1.430000000000000000e+02
4.455000000000000000e+02 1.450000000000000000e+02
4.445000000000000000e+02 1.540000000000000000e+02
4.445000000000000000e+02 1.580000000000000000e+02
4.435000000000000000e+02 1.640000000000000000e+02
4.435000000000000000e+02 1.680000000000000000e+02
4.435000000000000000e+02 1.700000000000000000e+02
4.435000000000000000e+02 1.750000000000000000e+02
4.425000000000000000e+02 1.780000000000000000e+02
4.415000000000000000e+02 1.810000000000000000e+02
4.415000000000000000e+02 1.860000000000000000e+02
4.405000000000000000e+02 1.900000000000000000e+02
4.385000000000000000e+02 1.960000000000000000e+02
4.365000000000000000e+02 1.990000000000000000e+02
4.365000000000000000e+02 1.990000000000000000e+02
4.365000000000000000e+02 2.040000000000000000e+02
4.355000000000000000e+02 2.060000000000000000e+02
4.375000000000000000e+02 2.100000000000000000e+02
4.365000000000000000e+02 2.110000000000000000e+02
4.355000000000000000e+02 2.100000000000000000e+02
4.375000000000000000e+02 2.140000000000000000e+02
4.385000000000000000e+02 2.150000000000000000e+02
4.365000000000000000e+02 2.110000000000000000e+02
4.355000000000000000e+02 2.100000000000000000e+02
4.355000000000000000e+02 2.080000000000000000e+02
4.355000000000000000e+02 2.050000000000000000e+02
4.345000000000000000e+02 2.020000000000000000e+02
4.335000000000000000e+02 1.980000000000000000e+02
4.335000000000000000e+02 1.960000000000000000e+02
4.335000000000000000e+02 1.940000000000000000e+02
4.345000000000000000e+02 1.900000000000000000e+02
4.345000000000000000e+02 1.880000000000000000e+02
4.355000000000000000e+02 1.850000000000000000e+02
4.365000000000000000e+02 1.830000000000000000e+02
4.375000000000000000e+02 1.800000000000000000e+02
4.385000000000000000e+02 1.810000000000000000e+02
4.375000000000000000e+02 1.810000000000000000e+02
4.385000000000000000e+02 1.810000000000000000e+02
4.365000000000000000e+02 1.820000000000000000e+02
4.365000000000000000e+02 1.830000000000000000e+02
4.345000000000000000e+02 1.870000000000000000e+02
4.315000000000000000e+02 1.910000000000000000e+02
4.295000000000000000e+02 1.960000000000000000e+02
4.275000000000000000e+02 2.000000000000000000e+02
4.255000000000000000e+02 2.040000000000000000e+02
4.245000000000000000e+02 2.080000000000000000e+02
4.215000000000000000e+02 2.110000000000000000e+02
4.195000000000000000e+02 2.140000000000000000e+02
4.175000000000000000e+02 2.220000000000000000e+02
4.145000000000000000e+02 2.270000000000000000e+02
4.125000000000000000e+02 2.300000000000000000e+02
4.115000000000000000e+02 2.340000000000000000e+02
4.105000000000000000e+02 2.380000000000000000e+02
4.085000000000000000e+02 2.420000000000000000e+02
4.065000000000000000e+02 2.460000000000000000e+02
4.055000000000000000e+02 2.500000000000000000e+02
4.055000000000000000e+02 2.540000000000000000e+02
4.045000000000000000e+02 2.590000000000000000e+02
4.025000000000000000e+02 2.620000000000000000e+02
4.015000000000000000e+02 2.650000000000000000e+02
4.015000000000000000e+02 2.690000000000000000e+02
3.995000000000000000e+02 2.730000000000000000e+02
3.995000000000000000e+02 2.750000000000000000e+02
3.985000000000000000e+02 2.770000000000000000e+02
3.985000000000000000e+02 2.750000000000000000e+02
3.995000000000000000e+02 2.730000000000000000e+02
4.015000000000000000e+02 2.710000000000000000e+02
4.035000000000000000e+02 2.690000000000000000e+02
4.045000000000000000e+02 2.670000000000000000e+02
4.065000000000000000e+02 2.650000000000000000e+02
4.085000000000000000e+02 2.630000000000000000e+02
4.095000000000000000e+02 2.610000000000000000e+02
4.115000000000000000e+02 2.600000000000000000e+02
4.145000000000000000e+02 2.590000000000000000e+02
4.155000000000000000e+02 2.580000000000000000e+02
4.175000000000000000e+02 2.570000000000000000e+02
4.195000000000000000e+02 2.560000000000000000e+02
4.215000000000000000e+02 2.560000000000000000e+02
4.235000000000000000e+02 2.550000000000000000e+02
4.245000000000000000e+02 2.540000000000000000e+02
4.245000000000000000e+02 2.550000000000000000e+02
4.235000000000000000e+02 2.550000000000000000e+02
4.235000000000000000e+02 2.550000000000000000e+02
4.225000000000000000e+02 2.550000000000000000e+02
4.185000000000000000e+02 2.560000000000000000e+02
4.145000000000000000e+02 2.570000000000000000e+02
4.105000000000000000e+02 2.570000000000000000e+02
4.075000000000000000e+02 2.580000000000000000e+02
4.035000000000000000e+02 2.600000000000000000e+02
3.995000000000000000e+02 2.600000000000000000e+02
3.975000000000000000e+02 2.610000000000000000e+02
3.925000000000000000e+02 2.610000000000000000e+02
3.875000000000000000e+02 2.610000000000000000e+02
3.865000000000000000e+02 2.630000000000000000e+02
3.805000000000000000e+02 2.640000000000000000e+02
3.755000000000000000e+02 2.650000000000000000e+02
3.755000000000000000e+02 2.660000000000000000e+02
3.715000000000000000e+02 2.660000000000000000e+02
3.675000000000000000e+02 2.660000000000000000e+02
3.675000000000000000e+02 2.660000000000000000e+02
3.635000000000000000e+02 2.660000000000000000e+02
3.605000000000000000e+02 2.660000000000000000e+02
3.535000000000000000e+02 2.660000000000000000e+02
3.515000000000000000e+02 2.650000000000000000e+02
3.495000000000000000e+02 2.650000000000000000e+02
3.445000000000000000e+02 2.640000000000000000e+02
3.425000000000000000e+02 2.640000000000000000e+02
3.395000000000000000e+02 2.640000000000000000e+02
3.355000000000000000e+02 2.640000000000000000e+02
3.315000000000000000e+02 2.630000000000000000e+02
3.265000000000000000e+02 2.620000000000000000e+02
3.235000000000000000e+02 2.620000000000000000e+02
3.205000000000000000e+02 2.620000000000000000e+02
3.165000000000000000e+02 2.610000000000000000e+02
3.145000000000000000e+02 2.590000000000000000e+02
3.115000000000000000e+02 2.590000000000000000e+02
3.075000000000000000e+02 2.590000000000000000e+02
3.055000000000000000e+02 2.580000000000000000e+02
3.015000000000000000e+02 2.580000000000000000e+02
2.985000000000000000e+02 2.580000000000000000e+02
2.955000000000000000e+02 2.570000000000000000e+02
2.925000000000000000e+02 2.550000000000000000e+02
2.885000000000000000e+02 2.550000000000000000e+02
2.855000000000000000e+02 2.540000000000000000e+02
2.825000000000000000e+02 2.540000000000000000e+02
2.795000000000000000e+02 2.540000000000000000e+02
2.765000000000000000e+02 2.530000000000000000e+02
2.725000000000000000e+02 2.510000000000000000e+02
2.705000000000000000e+02 2.510000000000000000e+02
2.665000000000000000e+02 2.500000000000000000e+02
2.635000000000000000e+02 2.500000000000000000e+02
2.595000000000000000e+02 2.490000000000000000e+02
2.555000000000000000e+02 2.470000000000000000e+02
2.545000000000000000e+02 2.470000000000000000e+02
2.505000000000000000e+02 2.460000000000000000e+02
2.495000000000000000e+02 2.460000000000000000e+02
2.515000000000000000e+02 2.460000000000000000e+02
2.525000000000000000e+02 2.460000000000000000e+02
2.545000000000000000e+02 2.460000000000000000e+02
2.565000000000000000e+02 2.460000000000000000e+02
2.575000000000000000e+02 2.470000000000000000e+02
2.605000000000000000e+02 2.470000000000000000e+02
2.615000000000000000e+02 2.480000000000000000e+02
2.625000000000000000e+02 2.490000000000000000e+02
2.645000000000000000e+02 2.490000000000000000e+02
2.665000000000000000e+02 2.500000000000000000e+02
2.695000000000000000e+02 2.520000000000000000e+02
2.715000000000000000e+02 2.530000000000000000e+02
2.745000000000000000e+02 2.540000000000000000e+02
2.745000000000000000e+02 2.550000000000000000e+02
2.745000000000000000e+02 2.550000000000000000e+02
2.745000000000000000e+02 2.550000000000000000e+02
2.735000000000000000e+02 2.540000000000000000e+02
2.735000000000000000e+02 2.510000000000000000e+02
2.745000000000000000e+02 2.500000000000000000e+02
2.725000000000000000e+02 2.460000000000000000e+02
2.705000000000000000e+02 2.440000000000000000e+02
2.685000000000000000e+02 2.390000000000000000e+02
2.675000000000000000e+02 2.340000000000000000e+02
2.665000000000000000e+02 2.320000000000000000e+02
2.635000000000000000e+02 2.270000000000000000e+02
2.615000000000000000e+02 2.170000000000000000e+02
2.625000000000000000e+02 2.140000000000000000e+02
2.615000000000000000e+02 2.150000000000000000e+02
2.605000000000000000e+02 2.110000000000000000e+02
2.605000000000000000e+02 2.090000000000000000e+02
2.595000000000000000e+02 2.070000000000000000e+02
2.595000000000000000e+02 2.060000000000000000e+02
2.615000000000000000e+02 2.090000000000000000e+02
2.625000000000000000e+02 2.090000000000000000e+02
2.625000000000000000e+02 2.130000000000000000e+02
2.635000000000000000e+02 2.150000000000000000e+02
2.645000000000000000e+02 2.180000000000000000e+02
2.635000000000000000e+02 2.210000000000000000e+02
2.645000000000000000e+02 2.230000000000000000e+02
2.635000000000000000e+02 2.250000000000000000e+02
2.635000000000000000e+02 2.280000000000000000e+02
2.635000000000000000e+02 2.300000000000000000e+02
2.625000000000000000e+02 2.330000000000000000e+02
2.605000000000000000e+02 2.340000000000000000e+02
2.605000000000000000e+02 2.360000000000000000e+02
2.585000000000000000e+02 2.390000000000000000e+02
2.585000000000000000e+02 2.390000000000000000e+02
2.585000000000000000e+02 2.390000000000000000e+02
2.585000000000000000e+02 2.380000000000000000e+02
2.595000000000000000e+02 2.370000000000000000e+02
2.605000000000000000e+02 2.360000000000000000e+02
2.615000000000000000e+02 2.310000000000000000e+02
2.655000000000000000e+02 2.270000000000000000e+02
2.665000000000000000e+02 2.250000000000000000e+02
2.675000000000000000e+02 2.190000000000000000e+02
2.715000000000000000e+02 2.160000000000000000e+02
2.725000000000000000e+02 2.140000000000000000e+02
2.735000000000000000e+02 2.080000000000000000e+02
2.765000000000000000e+02 2.050000000000000000e+02
2.765000000000000000e+02 2.020000000000000000e+02
2.785000000000000000e+02 1.970000000000000000e+02
2.805000000000000000e+02 1.940000000000000000e+02
2.815000000000000000e+02 1.910000000000000000e+02
2.845000000000000000e+02 1.850000000000000000e+02
2.855000000000000000e+02 1.820000000000000000e+02
2.865000000000000000e+02 1.800000000000000000e+02
2.875000000000000000e+02 1.740000000000000000e+02
2.905000000000000000e+02 1.700000000000000000e+02
2.895000000000000000e+02 1.670000000000000000e+02
2.925000000000000000e+02 1.610000000000000000e+02
2.935000000000000000e+02 1.540000000000000000e+02
2.965000000000000000e+02 1.490000000000000000e+02
2.975000000000000000e+02 1.450000000000000000e+02
2.995000000000000000e+02 1.410000000000000000e+02
3.005000000000000000e+02 1.360000000000000000e+02
3.015000000000000000e+02 1.330000000000000000e+02
3.035000000000000000e+02 1.280000000000000000e+02
3.045000000000000000e+02 1.230000000000000000e+02
3.055000000000000000e+02 1.190000000000000000e+02
3.065000000000000000e+02 1.150000000000000000e+02
3.065000000000000000e+02 1.100000000000000000e+02
3.095000000000000000e+02 1.040000000000000000e+02
3.105000000000000000e+02 9.800000000000000000e+01
3.115000000000000000e+02 9.400000000000000000e+01
3.125000000000000000e+02 9.000000000000000000e+01
3.125000000000000000e+02 8.500000000000000000e+01
3.135000000000000000e+02 8.000000000000000000e+01
3.155000000000000000e+02 7.600000000000000000e+01
3.155000000000000000e+02 7.100000000000000000e+01
3.165000000000000000e+02 6.600000000000000000e+01
3.165000000000000000e+02 6.300000000000000000e+01
3.165000000000000000e+02 5.800000000000000000e+01
3.185000000000000000e+02 5.600000000000000000e+01
3.195000000000000000e+02 5.400000000000000000e+01
3.215000000000000000e+02 5.300000000000000000e+01
3.215000000000000000e+02 5.100000000000000000e+01
3.215000000000000000e+02 5.100000000000000000e+01
3.205000000000000000e+02 5.100000000000000000e+01
3.175000000000000000e+02 5.300000000000000000e+01
3.165000000000000000e+02 5.400000000000000000e+01
3.135000000000000000e+02 5.600000000000000000e+01
3.125000000000000000e+02 5.700000000000000000e+01
3.115000000000000000e+02 5.700000000000000000e+01
3.085000000000000000e+02 5.800000000000000000e+01
3.055000000000000000e+02 5.900000000000000000e+01
3.025000000000000000e+02 5.900000000000000000e+01
3.005000000000000000e+02 5.900000000000000000e+01
3.005000000000000000e+02 5.900000000000000000e+01
3.005000000000000000e+02 5.900000000000000000e+01
3.005000000000000000e+02 5.900000000000000000e+01
3.025000000000000000e+02 5.800000000000000000e+01
3.065000000000000000e+02 5.900000000000000000e+01
3.085000000000000000e+02 5.800000000000000000e+01
3.115000000000000000e+02 5.800000000000000000e+01
3.185000000000000000e+02 5.600000000000000000e+01
3.215000000000000000e+02 5.600000000000000000e+01
3.255000000000000000e+02 5.500000000000000000e+01
3.345000000000000000e+02 5.200000000000000000e+01
3.385000000000000000e+02 5.100000000000000000e+01
3.425000000000000000e+02 4.900000000000000000e+01
3.465000000000000000e+02 4.800000000000000000e+01
3.505000000000000000e+02 4.800000000000000000e+01
3.525000000000000000e+02 4.800000000000000000e+01
3.555000000000000000e+02 4.800000000000000000e+01
