4.425000000000000000e+02 2.700000000000000000e+02
4.405000000000000000e+02 2.705000000000000000e+02
4.415000000000000000e+02 2.710000000000000000e+02
4.345000000000000000e+02 2.745000000000000000e+02
4.325000000000000000e+02 2.760000000000000000e+02
4.265000000000000000e+02 2.795000000000000000e+02
4.225000000000000000e+02 2.840000000000000000e+02
4.175000000000000000e+02 2.855000000000000000e+02
4.125000000000000000e+02 2.890000000000000000e+02
4.105000000000000000e+02 2.925000000000000000e+02
4.045000000000000000e+02 2.930000000000000000e+02
4.005000000000000000e+02 2.955000000000000000e+02
3.995000000000000000e+02 2.980000000000000000e+02
3.955000000000000000e+02 3.015000000000000000e+02
3.925000000000000000e+02 3.010000000000000000e+02
3.895000000000000000e+02 3.035000000000000000e+02
3.845000000000000000e+02 3.060000000000000000e+02
3.815000000000000000e+02 3.075000000000000000e+02
3.835000000000000000e+02 3.080000000000000000e+02
3.785000000000000000e+02 3.105000000000000000e+02
3.765000000000000000e+02 3.100000000000000000e+02
3.725000000000000000e+02 3.125000000000000000e+02
3.735000000000000000e+02 3.120000000000000000e+02
3.755000000000000000e+02 3.115000000000000000e+02
3.775000000000000000e+02 3.110000000000000000e+02
3.805000000000000000e+02 3.085000000000000000e+02
3.825000000000000000e+02 3.070000000000000000e+02
3.835000000000000000e+02 3.065000000000000000e+02
3.885000000000000000e+02 3.060000000000000000e+02
3.915000000000000000e+02 3.065000000000000000e+02
3.925000000000000000e+02 3.050000000000000000e+02
3.965000000000000000e+02 3.065000000000000000e+02
3.985000000000000000e+02 3.070000000000000000e+02
4.025000000000000000e+02 3.075000000000000000e+02
4.055000000000000000e+02 3.090000000000000000e+02
4.075000000000000000e+02 3.095000000000000000e+02
4.105000000000000000e+02 3.110000000000000000e+02
4.105000000000000000e+02 3.115000000000000000e+02
4.095000000000000000e+02 3.100000000000000000e+02
4.095000000000000000e+02 3.095000000000000000e+02
4.095000000000000000e+02 3.100000000000000000e+02
4.025000000000000000e+02 3.055000000000000000e+02
4.015000000000000000e+02 3.040000000000000000e+02
3.965000000000000000e+02 3.005000000000000000e+02
3.935000000000000000e+02 2.990000000000000000e+02
3.885000000000000000e+02 2.945000000000000000e+02
3.835000000000000000e+02 2.900000000000000000e+02
3.815000000000000000e+02 2.905000000000000000e+02
3.715000000000000000e+02 2.820000000000000000e+02
3.665000000000000000e+02 2.795000000000000000e+02
3.595000000000000000e+02 2.750000000000000000e+02
3.565000000000000000e+02 2.725000000000000000e+02
3.505000000000000000e+02 2.690000000000000000e+02
3.475000000000000000e+02 2.675000000000000000e+02
3.415000000000000000e+02 2.630000000000000000e+02
3.365000000000000000e+02 2.595000000000000000e+02
3.335000000000000000e+02 2.590000000000000000e+02
3.245000000000000000e+02 2.555000000000000000e+02
3.195000000000000000e+02 2.520000000000000000e+02
3.085000000000000000e+02 2.475000000000000000e+02
3.055000000000000000e+02 2.440000000000000000e+02
3.025000000000000000e+02 2.435000000000000000e+02
2.915000000000000000e+02 2.380000000000000000e+02
2.855000000000000000e+02 2.365000000000000000e+02
2.815000000000000000e+02 2.350000000000000000e+02
2.745000000000000000e+02 2.325000000000000000e+02
2.675000000000000000e+02 2.290000000000000000e+02
2.575000000000000000e+02 2.265000000000000000e+02
2.525000000000000000e+02 2.240000000000000000e+02
2.505000000000000000e+02 2.245000000000000000e+02
2.385000000000000000e+02 2.190000000000000000e+02
2.325000000000000000e+02 2.185000000000000000e+02
2.245000000000000000e+02 2.170000000000000000e+02
2.205000000000000000e+02 2.145000000000000000e+02
2.145000000000000000e+02 2.140000000000000000e+02
2.095000000000000000e+02 2.135000000000000000e+02
2.055000000000000000e+02 2.120000000000000000e+02
1.985000000000000000e+02 2.115000000000000000e+02
1.955000000000000000e+02 2.110000000000000000e+02
1.895000000000000000e+02 2.095000000000000000e+02
1.835000000000000000e+02 2.080000000000000000e+02
1.835000000000000000e+02 2.085000000000000000e+02
1.735000000000000000e+02 2.080000000000000000e+02
1.695000000000000000e+02 2.065000000000000000e+02
1.655000000000000000e+02 2.080000000000000000e+02
1.575000000000000000e+02 2.085000000000000000e+02
1.535000000000000000e+02 2.060000000000000000e+02
1.425000000000000000e+02 2.085000000000000000e+02
1.355000000000000000e+02 2.070000000000000000e+02
1.285000000000000000e+02 2.075000000000000000e+02
1.265000000000000000e+02 2.080000000000000000e+02
1.185000000000000000e+02 2.095000000000000000e+02
1.225000000000000000e+02 2.100000000000000000e+02
1.265000000000000000e+02 2.105000000000000000e+02
1.295000000000000000e+02 2.110000000000000000e+02
1.355000000000000000e+02 2.145000000000000000e+02
1.395000000000000000e+02 2.150000000000000000e+02
1.425000000000000000e+02 2.185000000000000000e+02
1.465000000000000000e+02 2.200000000000000000e+02
1.485000000000000000e+02 2.225000000000000000e+02
1.525000000000000000e+02 2.250000000000000000e+02
1.545000000000000000e+02 2.275000000000000000e+02
1.555000000000000000e+02 2.300000000000000000e+02
1.595000000000000000e+02 2.315000000000000000e+02
1.605000000000000000e+02 2.320000000000000000e+02
1.595000000000000000e+02 2.325000000000000000e+02
1.595000000000000000e+02 2.310000000000000000e+02
1.595000000000000000e+02 2.305000000000000000e+02
1.585000000000000000e+02 2.290000000000000000e+02
1.575000000000000000e+02 2.275000000000000000e+02
1.555000000000000000e+02 2.230000000000000000e+02
1.525000000000000000e+02 2.195000000000000000e+02
1.485000000000000000e+02 2.130000000000000000e+02
1.415000000000000000e+02 2.055000000000000000e+02
1.415000000000000000e+02 2.010000000000000000e+02
1.385000000000000000e+02 2.005000000000000000e+02
1.325000000000000000e+02 1.940000000000000000e+02
1.295000000000000000e+02 1.905000000000000000e+02
1.285000000000000000e+02 1.890000000000000000e+02
1.275000000000000000e+02 1.875000000000000000e+02
1.245000000000000000e+02 1.840000000000000000e+02
1.235000000000000000e+02 1.815000000000000000e+02
1.275000000000000000e+02 1.840000000000000000e+02
1.235000000000000000e+02 1.795000000000000000e+02
1.235000000000000000e+02 1.770000000000000000e+02
1.225000000000000000e+02 1.765000000000000000e+02
1.225000000000000000e+02 1.760000000000000000e+02
1.235000000000000000e+02 1.815000000000000000e+02
1.265000000000000000e+02 1.840000000000000000e+02
1.275000000000000000e+02 1.875000000000000000e+02
1.265000000000000000e+02 1.900000000000000000e+02
1.275000000000000000e+02 1.925000000000000000e+02
1.285000000000000000e+02 1.950000000000000000e+02
1.275000000000000000e+02 1.975000000000000000e+02
1.265000000000000000e+02 2.020000000000000000e+02
0.000000000000000000e+00 0.000000000000000000e+00
0.000000000000000000e+00 0.000000000000000000e+00
0.000000000000000000e+00 0.000000000000000000e+00
0.000000000000000000e+00 0.000000000000000000e+00
0.000000000000000000e+00 0.000000000000000000e+00
0.000000000000000000e+00 0.000000000000000000e+00
1.275000000000000000e+02 1.995000000000000000e+02
1.295000000000000000e+02 1.990000000000000000e+02
1.315000000000000000e+02 1.955000000000000000e+02
1.325000000000000000e+02 1.920000000000000000e+02
1.345000000000000000e+02 1.875000000000000000e+02
1.375000000000000000e+02 1.840000000000000000e+02
1.385000000000000000e+02 1.815000000000000000e+02
1.415000000000000000e+02 1.750000000000000000e+02
1.445000000000000000e+02 1.725000000000000000e+02
1.455000000000000000e+02 1.670000000000000000e+02
1.495000000000000000e+02 1.605000000000000000e+02
1.525000000000000000e+02 1.560000000000000000e+02
1.535000000000000000e+02 1.515000000000000000e+02
1.565000000000000000e+02 1.460000000000000000e+02
1.585000000000000000e+02 1.425000000000000000e+02
1.615000000000000000e+02 1.360000000000000000e+02
1.625000000000000000e+02 1.325000000000000000e+02
1.655000000000000000e+02 1.270000000000000000e+02
1.685000000000000000e+02 1.205000000000000000e+02
1.715000000000000000e+02 1.120000000000000000e+02
1.755000000000000000e+02 1.095000000000000000e+02
1.755000000000000000e+02 1.060000000000000000e+02
1.785000000000000000e+02 9.950000000000000000e+01
1.795000000000000000e+02 9.700000000000000000e+01
1.815000000000000000e+02 9.350000000000000000e+01
1.835000000000000000e+02 8.700000000000000000e+01
1.815000000000000000e+02 9.350000000000000000e+01
1.795000000000000000e+02 9.600000000000000000e+01
1.785000000000000000e+02 9.950000000000000000e+01
1.755000000000000000e+02 1.020000000000000000e+02
1.735000000000000000e+02 1.055000000000000000e+02
1.705000000000000000e+02 1.070000000000000000e+02
1.675000000000000000e+02 1.105000000000000000e+02
1.655000000000000000e+02 1.110000000000000000e+02
1.625000000000000000e+02 1.115000000000000000e+02
1.605000000000000000e+02 1.120000000000000000e+02
1.595000000000000000e+02 1.135000000000000000e+02
1.555000000000000000e+02 1.140000000000000000e+02
1.535000000000000000e+02 1.155000000000000000e+02
1.515000000000000000e+02 1.160000000000000000e+02
1.505000000000000000e+02 1.165000000000000000e+02
1.495000000000000000e+02 1.160000000000000000e+02
1.525000000000000000e+02 1.165000000000000000e+02
1.525000000000000000e+02 1.160000000000000000e+02
1.545000000000000000e+02 1.145000000000000000e+02
1.605000000000000000e+02 1.140000000000000000e+02
1.655000000000000000e+02 1.135000000000000000e+02
1.705000000000000000e+02 1.130000000000000000e+02
1.755000000000000000e+02 1.125000000000000000e+02
1.805000000000000000e+02 1.110000000000000000e+02
1.825000000000000000e+02 1.095000000000000000e+02
1.875000000000000000e+02 1.090000000000000000e+02
1.935000000000000000e+02 1.085000000000000000e+02
1.955000000000000000e+02 1.070000000000000000e+02
2.025000000000000000e+02 1.065000000000000000e+02
2.075000000000000000e+02 1.040000000000000000e+02
2.135000000000000000e+02 1.025000000000000000e+02
2.215000000000000000e+02 1.010000000000000000e+02
2.255000000000000000e+02 9.850000000000000000e+01
2.315000000000000000e+02 9.800000000000000000e+01
2.375000000000000000e+02 9.750000000000000000e+01
2.455000000000000000e+02 9.300000000000000000e+01
2.505000000000000000e+02 9.250000000000000000e+01
2.535000000000000000e+02 9.000000000000000000e+01
2.595000000000000000e+02 8.750000000000000000e+01
2.635000000000000000e+02 8.600000000000000000e+01
2.695000000000000000e+02 8.450000000000000000e+01
2.715000000000000000e+02 8.200000000000000000e+01
2.775000000000000000e+02 8.150000000000000000e+01
2.825000000000000000e+02 8.100000000000000000e+01
2.825000000000000000e+02 8.050000000000000000e+01
2.885000000000000000e+02 7.900000000000000000e+01
2.905000000000000000e+02 8.050000000000000000e+01
2.915000000000000000e+02 8.000000000000000000e+01
2.945000000000000000e+02 7.950000000000000000e+01
2.965000000000000000e+02 7.900000000000000000e+01
2.985000000000000000e+02 8.050000000000000000e+01
2.975000000000000000e+02 8.000000000000000000e+01
3.035000000000000000e+02 7.850000000000000000e+01
3.055000000000000000e+02 8.100000000000000000e+01
3.065000000000000000e+02 8.150000000000000000e+01
3.095000000000000000e+02 8.000000000000000000e+01
3.135000000000000000e+02 8.150000000000000000e+01
3.165000000000000000e+02 8.000000000000000000e+01
3.175000000000000000e+02 8.050000000000000000e+01
3.195000000000000000e+02 8.000000000000000000e+01
3.255000000000000000e+02 7.850000000000000000e+01
3.285000000000000000e+02 8.000000000000000000e+01
3.255000000000000000e+02 8.150000000000000000e+01
3.285000000000000000e+02 8.100000000000000000e+01
3.295000000000000000e+02 8.150000000000000000e+01
3.335000000000000000e+02 8.100000000000000000e+01
3.325000000000000000e+02 8.050000000000000000e+01
3.365000000000000000e+02 7.800000000000000000e+01
0.000000000000000000e+00 0.000000000000000000e+00
0.000000000000000000e+00 0.000000000000000000e+00
0.000000000000000000e+00 0.000000000000000000e+00
0.000000000000000000e+00 0.000000000000000000e+00
0.000000000000000000e+00 0.000000000000000000e+00
3.315000000000000000e+02 7.950000000000000000e+01
3.295000000000000000e+02 8.000000000000000000e+01
3.275000000000000000e+02 8.050000000000000000e+01
3.255000000000000000e+02 7.900000000000000000e+01
3.225000000000000000e+02 7.950000000000000000e+01
3.215000000000000000e+02 7.900000000000000000e+01
3.215000000000000000e+02 7.850000000000000000e+01
3.185000000000000000e+02 7.900000000000000000e+01
3.135000000000000000e+02 8.050000000000000000e+01
3.095000000000000000e+02 8.000000000000000000e+01
3.065000000000000000e+02 8.050000000000000000e+01
3.055000000000000000e+02 8.000000000000000000e+01
3.055000000000000000e+02 8.050000000000000000e+01
3.075000000000000000e+02 7.900000000000000000e+01
3.105000000000000000e+02 8.050000000000000000e+01
3.115000000000000000e+02 8.100000000000000000e+01
3.145000000000000000e+02 8.250000000000000000e+01
3.165000000000000000e+02 8.200000000000000000e+01
3.225000000000000000e+02 8.450000000000000000e+01
3.275000000000000000e+02 8.600000000000000000e+01
3.305000000000000000e+02 8.850000000000000000e+01
3.335000000000000000e+02 9.100000000000000000e+01
3.385000000000000000e+02 9.150000000000000000e+01
3.425000000000000000e+02 9.200000000000000000e+01
3.465000000000000000e+02 9.450000000000000000e+01
3.525000000000000000e+02 9.600000000000000000e+01
3.605000000000000000e+02 9.750000000000000000e+01
3.645000000000000000e+02 9.900000000000000000e+01
3.685000000000000000e+02 9.850000000000000000e+01
3.755000000000000000e+02 1.000000000000000000e+02
3.805000000000000000e+02 1.015000000000000000e+02
3.855000000000000000e+02 1.010000000000000000e+02
3.895000000000000000e+02 1.005000000000000000e+02
4.015000000000000000e+02 1.020000000000000000e+02
4.055000000000000000e+02 1.015000000000000000e+02
4.145000000000000000e+02 1.020000000000000000e+02
4.185000000000000000e+02 1.045000000000000000e+02
4.285000000000000000e+02 1.030000000000000000e+02
4.335000000000000000e+02 1.045000000000000000e+02
4.395000000000000000e+02 1.030000000000000000e+02
4.465000000000000000e+02 1.035000000000000000e+02
4.515000000000000000e+02 1.030000000000000000e+02
4.585000000000000000e+02 1.035000000000000000e+02
4.605000000000000000e+02 1.030000000000000000e+02
4.735000000000000000e+02 1.035000000000000000e+02
4.775000000000000000e+02 1.020000000000000000e+02
4.875000000000000000e+02 1.015000000000000000e+02
4.915000000000000000e+02 1.020000000000000000e+02
4.935000000000000000e+02 1.005000000000000000e+02
5.015000000000000000e+02 1.000000000000000000e+02
5.055000000000000000e+02 1.005000000000000000e+02
5.145000000000000000e+02 9.900000000000000000e+01
5.205000000000000000e+02 9.950000000000000000e+01
5.265000000000000000e+02 9.900000000000000000e+01
5.245000000000000000e+02 9.850000000000000000e+01
5.305000000000000000e+02 9.800000000000000000e+01
5.275000000000000000e+02 9.850000000000000000e+01
5.235000000000000000e+02 9.900000000000000000e+01
5.195000000000000000e+02 9.950000000000000000e+01
5.175000000000000000e+02 9.700000000000000000e+01
5.125000000000000000e+02 9.650000000000000000e+01
5.105000000000000000e+02 9.600000000000000000e+01
5.085000000000000000e+02 9.450000000000000000e+01
5.065000000000000000e+02 9.400000000000000000e+01
5.045000000000000000e+02 9.250000000000000000e+01
5.025000000000000000e+02 9.200000000000000000e+01
4.995000000000000000e+02 8.950000000000000000e+01
4.985000000000000000e+02 8.800000000000000000e+01
4.965000000000000000e+02 8.650000000000000000e+01
4.935000000000000000e+02 8.300000000000000000e+01
4.925000000000000000e+02 8.150000000000000000e+01
4.895000000000000000e+02 7.900000000000000000e+01
4.895000000000000000e+02 7.850000000000000000e+01
4.895000000000000000e+02 7.800000000000000000e+01
4.895000000000000000e+02 7.950000000000000000e+01
4.905000000000000000e+02 8.100000000000000000e+01
4.905000000000000000e+02 8.050000000000000000e+01
4.935000000000000000e+02 8.500000000000000000e+01
4.955000000000000000e+02 8.850000000000000000e+01
4.975000000000000000e+02 9.200000000000000000e+01
4.995000000000000000e+02 9.550000000000000000e+01
5.025000000000000000e+02 1.000000000000000000e+02
5.055000000000000000e+02 1.025000000000000000e+02
5.085000000000000000e+02 1.060000000000000000e+02
5.095000000000000000e+02 1.105000000000000000e+02
5.145000000000000000e+02 1.140000000000000000e+02
5.165000000000000000e+02 1.175000000000000000e+02
5.215000000000000000e+02 1.240000000000000000e+02
5.235000000000000000e+02 1.245000000000000000e+02
5.255000000000000000e+02 1.280000000000000000e+02
5.255000000000000000e+02 1.295000000000000000e+02
5.255000000000000000e+02 1.270000000000000000e+02
5.235000000000000000e+02 1.245000000000000000e+02
5.225000000000000000e+02 1.230000000000000000e+02
5.195000000000000000e+02 1.195000000000000000e+02
5.195000000000000000e+02 1.170000000000000000e+02
5.175000000000000000e+02 1.155000000000000000e+02
5.155000000000000000e+02 1.100000000000000000e+02
5.135000000000000000e+02 1.075000000000000000e+02
5.135000000000000000e+02 1.030000000000000000e+02
5.135000000000000000e+02 1.015000000000000000e+02
5.145000000000000000e+02 9.700000000000000000e+01
5.155000000000000000e+02 9.450000000000000000e+01
5.155000000000000000e+02 9.300000000000000000e+01
5.155000000000000000e+02 9.450000000000000000e+01
5.155000000000000000e+02 9.600000000000000000e+01
5.155000000000000000e+02 9.650000000000000000e+01
5.135000000000000000e+02 9.900000000000000000e+01
5.145000000000000000e+02 9.950000000000000000e+01
5.105000000000000000e+02 1.060000000000000000e+02
5.085000000000000000e+02 1.115000000000000000e+02
5.075000000000000000e+02 1.170000000000000000e+02
5.055000000000000000e+02 1.205000000000000000e+02
5.035000000000000000e+02 1.250000000000000000e+02
5.035000000000000000e+02 1.285000000000000000e+02
5.015000000000000000e+02 1.340000000000000000e+02
4.995000000000000000e+02 1.395000000000000000e+02
4.975000000000000000e+02 1.460000000000000000e+02
4.955000000000000000e+02 1.505000000000000000e+02
4.945000000000000000e+02 1.550000000000000000e+02
4.935000000000000000e+02 1.605000000000000000e+02
4.925000000000000000e+02 1.650000000000000000e+02
4.895000000000000000e+02 1.715000000000000000e+02
4.905000000000000000e+02 1.760000000000000000e+02
4.885000000000000000e+02 1.815000000000000000e+02
4.865000000000000000e+02 1.850000000000000000e+02
4.875000000000000000e+02 1.875000000000000000e+02
4.865000000000000000e+02 1.940000000000000000e+02
4.845000000000000000e+02 1.985000000000000000e+02
4.845000000000000000e+02 2.030000000000000000e+02
4.835000000000000000e+02 2.105000000000000000e+02
4.835000000000000000e+02 2.180000000000000000e+02
4.835000000000000000e+02 2.245000000000000000e+02
4.825000000000000000e+02 2.280000000000000000e+02
4.815000000000000000e+02 2.325000000000000000e+02
4.835000000000000000e+02 2.340000000000000000e+02
4.835000000000000000e+02 2.405000000000000000e+02
4.825000000000000000e+02 2.480000000000000000e+02
4.825000000000000000e+02 2.555000000000000000e+02
4.815000000000000000e+02 2.590000000000000000e+02
4.815000000000000000e+02 2.665000000000000000e+02
4.835000000000000000e+02 2.710000000000000000e+02
4.835000000000000000e+02 2.785000000000000000e+02
4.835000000000000000e+02 2.830000000000000000e+02
4.845000000000000000e+02 2.875000000000000000e+02
4.845000000000000000e+02 2.950000000000000000e+02
4.845000000000000000e+02 2.995000000000000000e+02
4.845000000000000000e+02 3.020000000000000000e+02
4.845000000000000000e+02 3.025000000000000000e+02
4.845000000000000000e+02 2.990000000000000000e+02
4.845000000000000000e+02 2.975000000000000000e+02
4.845000000000000000e+02 2.930000000000000000e+02
4.845000000000000000e+02 2.905000000000000000e+02
4.845000000000000000e+02 2.890000000000000000e+02
4.845000000000000000e+02 2.875000000000000000e+02
4.855000000000000000e+02 2.850000000000000000e+02
4.855000000000000000e+02 2.835000000000000000e+02
4.875000000000000000e+02 2.810000000000000000e+02
4.885000000000000000e+02 2.795000000000000000e+02
4.895000000000000000e+02 2.770000000000000000e+02
4.925000000000000000e+02 2.755000000000000000e+02
4.945000000000000000e+02 2.740000000000000000e+02
4.955000000000000000e+02 2.735000000000000000e+02
4.965000000000000000e+02 2.730000000000000000e+02
4.965000000000000000e+02 2.735000000000000000e+02
4.955000000000000000e+02 2.740000000000000000e+02
4.955000000000000000e+02 2.745000000000000000e+02
4.955000000000000000e+02 2.760000000000000000e+02
4.905000000000000000e+02 2.785000000000000000e+02
4.875000000000000000e+02 2.800000000000000000e+02
4.845000000000000000e+02 2.825000000000000000e+02
4.805000000000000000e+02 2.860000000000000000e+02
4.775000000000000000e+02 2.875000000000000000e+02
4.735000000000000000e+02 2.910000000000000000e+02
4.715000000000000000e+02 2.945000000000000000e+02
4.675000000000000000e+02 2.960000000000000000e+02
4.645000000000000000e+02 2.995000000000000000e+02
4.595000000000000000e+02 3.040000000000000000e+02
4.555000000000000000e+02 3.045000000000000000e+02
4.515000000000000000e+02 3.050000000000000000e+02
4.515000000000000000e+02 3.055000000000000000e+02
4.485000000000000000e+02 3.070000000000000000e+02
4.445000000000000000e+02 3.065000000000000000e+02
4.415000000000000000e+02 3.060000000000000000e+02
4.435000000000000000e+02 3.065000000000000000e+02
4.375000000000000000e+02 3.080000000000000000e+02
4.345000000000000000e+02 3.085000000000000000e+02
4.335000000000000000e+02 3.090000000000000000e+02
4.335000000000000000e+02 3.095000000000000000e+02
4.295000000000000000e+02 3.100000000000000000e+02
4.255000000000000000e+02 3.105000000000000000e+02
4.255000000000000000e+02 3.100000000000000000e+02
4.215000000000000000e+02 3.115000000000000000e+02
4.175000000000000000e+02 3.110000000000000000e+02
4.135000000000000000e+02 3.115000000000000000e+02
4.135000000000000000e+02 3.120000000000000000e+02
4.065000000000000000e+02 3.125000000000000000e+02
4.035000000000000000e+02 3.120000000000000000e+02
4.055000000000000000e+02 3.125000000000000000e+02
4.005000000000000000e+02 3.120000000000000000e+02
3.965000000000000000e+02 3.125000000000000000e+02
3.985000000000000000e+02 3.100000000000000000e+02
3.955000000000000000e+02 3.115000000000000000e+02
3.925000000000000000e+02 3.110000000000000000e+02
3.895000000000000000e+02 3.115000000000000000e+02
3.925000000000000000e+02 3.110000000000000000e+02
3.855000000000000000e+02 3.125000000000000000e+02
3.835000000000000000e+02 3.120000000000000000e+02
3.835000000000000000e+02 3.115000000000000000e+02
3.785000000000000000e+02 3.130000000000000000e+02
3.735000000000000000e+02 3.125000000000000000e+02
3.745000000000000000e+02 3.100000000000000000e+02
3.715000000000000000e+02 3.115000000000000000e+02
3.685000000000000000e+02 3.100000000000000000e+02
3.625000000000000000e+02 3.115000000000000000e+02
3.625000000000000000e+02 3.120000000000000000e+02
3.565000000000000000e+02 3.125000000000000000e+02
3.535000000000000000e+02 3.120000000000000000e+02
3.525000000000000000e+02 3.135000000000000000e+02
3.445000000000000000e+02 3.130000000000000000e+02
3.445000000000000000e+02 3.125000000000000000e+02
3.395000000000000000e+02 3.140000000000000000e+02
3.375000000000000000e+02 3.145000000000000000e+02
3.345000000000000000e+02 3.140000000000000000e+02
3.345000000000000000e+02 3.145000000000000000e+02
3.275000000000000000e+02 3.150000000000000000e+02
3.265000000000000000e+02 3.155000000000000000e+02
3.255000000000000000e+02 3.150000000000000000e+02
3.245000000000000000e+02 3.165000000000000000e+02
3.165000000000000000e+02 3.150000000000000000e+02
3.125000000000000000e+02 3.155000000000000000e+02
3.155000000000000000e+02 3.150000000000000000e+02
3.095000000000000000e+02 3.175000000000000000e+02
3.055000000000000000e+02 3.150000000000000000e+02
3.075000000000000000e+02 3.145000000000000000e+02
2.985000000000000000e+02 3.160000000000000000e+02
2.955000000000000000e+02 3.155000000000000000e+02
2.975000000000000000e+02 3.140000000000000000e+02
2.975000000000000000e+02 3.155000000000000000e+02
2.925000000000000000e+02 3.150000000000000000e+02
2.885000000000000000e+02 3.155000000000000000e+02
2.875000000000000000e+02 3.150000000000000000e+02
2.845000000000000000e+02 3.155000000000000000e+02
2.815000000000000000e+02 3.140000000000000000e+02
2.855000000000000000e+02 3.145000000000000000e+02
2.795000000000000000e+02 3.150000000000000000e+02
2.795000000000000000e+02 3.145000000000000000e+02
2.815000000000000000e+02 3.140000000000000000e+02
2.735000000000000000e+02 3.145000000000000000e+02
2.745000000000000000e+02 3.130000000000000000e+02
2.735000000000000000e+02 3.135000000000000000e+02
2.685000000000000000e+02 3.140000000000000000e+02
2.655000000000000000e+02 3.145000000000000000e+02
2.695000000000000000e+02 3.130000000000000000e+02
2.675000000000000000e+02 3.145000000000000000e+02
2.635000000000000000e+02 3.150000000000000000e+02
2.605000000000000000e+02 3.155000000000000000e+02
2.625000000000000000e+02 3.140000000000000000e+02
2.575000000000000000e+02 3.155000000000000000e+02
2.555000000000000000e+02 3.160000000000000000e+02
