4.125000000000000000e+02 2.220000000000000000e+02
4.195000000000000000e+02 2.325000000000000000e+02
4.205000000000000000e+02 2.360000000000000000e+02
4.245000000000000000e+02 2.415000000000000000e+02
4.255000000000000000e+02 2.380000000000000000e+02
4.235000000000000000e+02 2.355000000000000000e+02
4.215000000000000000e+02 2.320000000000000000e+02
4.215000000000000000e+02 2.275000000000000000e+02
4.205000000000000000e+02 2.250000000000000000e+02
4.205000000000000000e+02 2.215000000000000000e+02
4.215000000000000000e+02 2.160000000000000000e+02
4.205000000000000000e+02 2.125000000000000000e+02
4.235000000000000000e+02 2.090000000000000000e+02
4.235000000000000000e+02 2.075000000000000000e+02
4.245000000000000000e+02 2.050000000000000000e+02
4.285000000000000000e+02 2.025000000000000000e+02
4.305000000000000000e+02 2.000000000000000000e+02
4.315000000000000000e+02 1.985000000000000000e+02
4.355000000000000000e+02 1.970000000000000000e+02
4.365000000000000000e+02 1.955000000000000000e+02
4.385000000000000000e+02 1.940000000000000000e+02
4.445000000000000000e+02 1.945000000000000000e+02
4.475000000000000000e+02 1.940000000000000000e+02
4.515000000000000000e+02 1.935000000000000000e+02
4.535000000000000000e+02 1.930000000000000000e+02
4.555000000000000000e+02 1.935000000000000000e+02
4.555000000000000000e+02 1.930000000000000000e+02
4.555000000000000000e+02 1.935000000000000000e+02
4.555000000000000000e+02 1.930000000000000000e+02
4.575000000000000000e+02 1.945000000000000000e+02
4.615000000000000000e+02 1.950000000000000000e+02
4.635000000000000000e+02 1.955000000000000000e+02
4.655000000000000000e+02 1.970000000000000000e+02
4.685000000000000000e+02 1.995000000000000000e+02
4.715000000000000000e+02 2.010000000000000000e+02
4.715000000000000000e+02 2.045000000000000000e+02
4.735000000000000000e+02 2.070000000000000000e+02
4.745000000000000000e+02 2.105000000000000000e+02
4.755000000000000000e+02 2.130000000000000000e+02
4.755000000000000000e+02 2.185000000000000000e+02
4.735000000000000000e+02 2.220000000000000000e+02
4.735000000000000000e+02 2.245000000000000000e+02
4.735000000000000000e+02 2.280000000000000000e+02
4.715000000000000000e+02 2.325000000000000000e+02
4.705000000000000000e+02 2.330000000000000000e+02
4.705000000000000000e+02 2.365000000000000000e+02
4.675000000000000000e+02 2.390000000000000000e+02
4.655000000000000000e+02 2.405000000000000000e+02
4.655000000000000000e+02 2.400000000000000000e+02
4.665000000000000000e+02 2.385000000000000000e+02
